ITIlist
5.2831785782
8.35394388368
5.95168125896
5.14556738113
5.1546448123
7.29617105294
5.42036727015
5.79163271661
7.36617956383
5.1307256006
8.35859795849
5.7187893613
6.58265784884
6.01865884713
7.21602101166
5.92526349931
5.94217373521
6.49985690178
5.71550347113
6.22738171265
6.73921802455
7.02562263411
6.68180297564
5.83696395336
5.4046079268
7.71063772408
5.17674670697
5.66298603172
5.78402957003
7.65055844051
5.56609711107
5.78428253344
5.08845348709
5.3048897563
6.5984900447
6.40194328409
6.12508087646
7.97216032909
5.20780300801
6.13632436207
5.44808094852
5.96120485396